#number of nodes
26
#number of broadcasts and delay parameter
2 5
#node id HostName Port Neighbor List
0 dc02 7001 1 2
1 dc03 7002 0 3 
2 dc04 7003 0 4 5
3 dc05 7004 1 4 6  
4 dc06 7005 2 3 5
5 dc07 7006 2 4 10
6 dc08 7007 8 7 3 9
7 dc09 7008 8 6
8 dc10 7009 7 6
9 dc11 7010 6
10 dc12 7011 11 5
11 dc13 7012 10 12 13 14
12 dc14 7013 11 13 14
13 dc15 7014 12 11 14 15
14 dc16 7015 13 12 11
15 dc17 7016 13 16 17
16 dc18 7017 15 17
17 dc19 7018 15 18 16
18 dc20 7019 19 17
19 dc30 7020 20 18
20 dc31 7021 21 19
21 dc32 7022 20 22
22 dc33 7023 21 23
23 dc34 7024 22 24
24 dc35 7025 23 25
25 dc36 7026 24
